easy
453343
196795
481813
014062
032271
580353
051592
858838
914843
910475
405103
062748
132954
802461
333697
359396
237133
715495
853480
969910
594942
678367
479436
695306
934057
200947
550419
021610
131311
541075
685748
545893
166302
945516
973232
590851
462742
461094
852968
536058
666258
856918
810034
125989
660835
806238
340557
722864
679733
987634
280121
681431
419848
598829
677319
854092
167239
326527
970234
616320
590168
187434
715700
996467
573667
566299
870994
992631
275376
788055
776723
995659
394632
992952
727714
596247
725247
776322
627448
526524
228254
184535
951865
127690
789564
553039
382999
192801
229527
250615
828204
814022
166570
315830
240467
179965
809008
381517
190342
810010
268310
302306
092406
272854
310560
155636
088759
336453
673634
937576
339978
979571
822432
840431
447095
669662
235621
446164
796129
576303
456666
171747
204499
340791
548784
500850
608396
651398
594299
637135
291724
362596
363660
000961
701326
988711
620046
328999
933210
803852
186000
863783
834789
914431
493323
816220
046970
615008
873917
768625
046183
901459
249022
001728
233945
440859
434997
580055
649357
977535
125421
557815
706814
781187
339191
580580
814839
102998
480265
668563
443313
746224
641768
215156
832466
166638
440139
700849
117259
652127
952276
883348
506817
288164
076972
166011
412207
572143
952407
363220
878099
227331
357674
341688
791791
319966
937899
176386
192361
252537
158944
862976
203418
459095
805868
115083
605938
395107
161611
982832
932872
987596
994875
746959
856948
688382
591071
597659
249037
035739
417127
381411
592962
243014
152609
607582
080342
179494
520410
788604
350236
863888
309359
464375
325773
152242
340746
515561
063075
350667
853760
528114
048618
135359
886533
850867
760646
031183
576360
359002
317345
261957
664394
891517
118938
139488
612329
276986
742570
107570
650847
309731
517382
481899
391429
537161
671384
194123
810835
211276
864699
374972
379425
267586
932536
342107
197826
163326
628155
535288
412953
111569
444432
105443
841524
110892
896642
257398
917424
820040
451628
826366
125194
985944
557192
427501
755909
832163
235622
785024
875782
976391
235302
591585
858710
477250
360777
011345
905938
487298
545149
786771
179356
279518
335095
207701
563534
091257
780595
718930
807641
427923
895757
333182
902408
986535
552455
669334
663599
077627
933626
871238
557710
280312
901857
509421
358292
274367
151298
574162
462892
853859
190774
900959
203425
412760
289534
713347
595539
168519
946090
365561
464709
592044
986258
084763
175486
084240
023862
393086
124205
902921
553286
910091
813097
803519
560443
600548
619288
790720
143018
404972
806258
728124
115815
643390
069137
546980
426712
008711
454147
184562
075869
903765
367615
487692
603888
480312
667916
449790
860576
871233
394739
674504
360975
982047
570200
016096
373958
236733
273970
022807
890439
979749
351557
847503
889077
194015
828333
768972
732286
097106
807836
074609
099688
822614
332941
829446
399250
891535
944171
686620
318271
467048
477948
178288
024259
947447
389965
803845
524140
942943
932340
402594
320792
099593
600738
823880
506909
402739
238970
536893
632664
739556
727446
013420
153240
178800
751530
023829
071767
304213
209364
464278
985626
444578
210218
104871
311455
249295
687150
702461
429847
250819
803212
540028
487489
047209
005524
159528
577997
434514
876832
918248
102935
701322
455881
800320
629677
029378
358510
418901
444322
689926
896832
222246
164719
588332
757160
763369
909831
939918
066134
359378
770637
955350
864767
344836
733062
643602
